###HoppingTerms###

0 0 0 0 0 79 79 
0 0 0 0 0 79 80 
0 0 0 0 0 79 81 
0 0 0 0 0 80 79 
0 0 0 0 0 80 80 
0 0 0 0 0 80 81 
0 0 0 0 0 81 79 
0 0 0 0 0 81 80 
0 0 0 0 0 81 81 
0 0 0 1 1 79 79 
0 0 0 1 1 79 80 
0 0 0 1 1 79 81 
0 0 0 1 1 80 79 
0 0 0 1 1 80 80 
0 0 0 1 1 80 81 
0 0 0 1 1 81 79 
0 0 0 1 1 81 80 
0 0 0 1 1 81 81 

-1 0 0 0 1 79 79 
-1 0 0 0 1 79 80 
-1 0 0 0 1 79 81 
-1 0 0 0 1 80 79 
-1 0 0 0 1 80 80 
-1 0 0 0 1 80 81 
-1 0 0 0 1 81 79 
-1 0 0 0 1 81 80 
-1 0 0 0 1 81 81 
0 -1 0 1 0 79 79 
0 -1 0 1 0 79 80 
0 -1 0 1 0 79 81 
0 -1 0 1 0 80 79 
0 -1 0 1 0 80 80 
0 -1 0 1 0 80 81 
0 -1 0 1 0 81 79 
0 -1 0 1 0 81 80 
0 -1 0 1 0 81 81 
0 0 0 1 0 79 79 
0 0 0 1 0 79 80 
0 0 0 1 0 79 81 
0 0 0 1 0 80 79 
0 0 0 1 0 80 80 
0 0 0 1 0 80 81 
0 0 0 1 0 81 79 
0 0 0 1 0 81 80 
0 0 0 1 0 81 81 
0 0 0 0 1 79 79 
0 0 0 0 1 79 80 
0 0 0 0 1 79 81 
0 0 0 0 1 80 79 
0 0 0 0 1 80 80 
0 0 0 0 1 80 81 
0 0 0 0 1 81 79 
0 0 0 0 1 81 80 
0 0 0 0 1 81 81 
0 1 0 0 1 79 79 
0 1 0 0 1 79 80 
0 1 0 0 1 79 81 
0 1 0 0 1 80 79 
0 1 0 0 1 80 80 
0 1 0 0 1 80 81 
0 1 0 0 1 81 79 
0 1 0 0 1 81 80 
0 1 0 0 1 81 81 
1 0 0 1 0 79 79 
1 0 0 1 0 79 80 
1 0 0 1 0 79 81 
1 0 0 1 0 80 79 
1 0 0 1 0 80 80 
1 0 0 1 0 80 81 
1 0 0 1 0 81 79 
1 0 0 1 0 81 80 
1 0 0 1 0 81 81 

-1 -1 0 0 0 79 79 
-1 -1 0 0 0 79 80 
-1 -1 0 0 0 79 81 
-1 -1 0 0 0 80 79 
-1 -1 0 0 0 80 80 
-1 -1 0 0 0 80 81 
-1 -1 0 0 0 81 79 
-1 -1 0 0 0 81 80 
-1 -1 0 0 0 81 81 
-1 -1 0 1 1 79 79 
-1 -1 0 1 1 79 80 
-1 -1 0 1 1 79 81 
-1 -1 0 1 1 80 79 
-1 -1 0 1 1 80 80 
-1 -1 0 1 1 80 81 
-1 -1 0 1 1 81 79 
-1 -1 0 1 1 81 80 
-1 -1 0 1 1 81 81 
-1 0 0 0 0 79 79 
-1 0 0 0 0 79 80 
-1 0 0 0 0 79 81 
-1 0 0 0 0 80 79 
-1 0 0 0 0 80 80 
-1 0 0 0 0 80 81 
-1 0 0 0 0 81 79 
-1 0 0 0 0 81 80 
-1 0 0 0 0 81 81 
-1 0 0 1 1 79 79 
-1 0 0 1 1 79 80 
-1 0 0 1 1 79 81 
-1 0 0 1 1 80 79 
-1 0 0 1 1 80 80 
-1 0 0 1 1 80 81 
-1 0 0 1 1 81 79 
-1 0 0 1 1 81 80 
-1 0 0 1 1 81 81 
0 -1 0 0 0 79 79 
0 -1 0 0 0 79 80 
0 -1 0 0 0 79 81 
0 -1 0 0 0 80 79 
0 -1 0 0 0 80 80 
0 -1 0 0 0 80 81 
0 -1 0 0 0 81 79 
0 -1 0 0 0 81 80 
0 -1 0 0 0 81 81 
0 -1 0 1 1 79 79 
0 -1 0 1 1 79 80 
0 -1 0 1 1 79 81 
0 -1 0 1 1 80 79 
0 -1 0 1 1 80 80 
0 -1 0 1 1 80 81 
0 -1 0 1 1 81 79 
0 -1 0 1 1 81 80 
0 -1 0 1 1 81 81 
0 1 0 0 0 79 79 
0 1 0 0 0 79 80 
0 1 0 0 0 79 81 
0 1 0 0 0 80 79 
0 1 0 0 0 80 80 
0 1 0 0 0 80 81 
0 1 0 0 0 81 79 
0 1 0 0 0 81 80 
0 1 0 0 0 81 81 
0 1 0 1 1 79 79 
0 1 0 1 1 79 80 
0 1 0 1 1 79 81 
0 1 0 1 1 80 79 
0 1 0 1 1 80 80 
0 1 0 1 1 80 81 
0 1 0 1 1 81 79 
0 1 0 1 1 81 80 
0 1 0 1 1 81 81 
1 0 0 0 0 79 79 
1 0 0 0 0 79 80 
1 0 0 0 0 79 81 
1 0 0 0 0 80 79 
1 0 0 0 0 80 80 
1 0 0 0 0 80 81 
1 0 0 0 0 81 79 
1 0 0 0 0 81 80 
1 0 0 0 0 81 81 
1 0 0 1 1 79 79 
1 0 0 1 1 79 80 
1 0 0 1 1 79 81 
1 0 0 1 1 80 79 
1 0 0 1 1 80 80 
1 0 0 1 1 80 81 
1 0 0 1 1 81 79 
1 0 0 1 1 81 80 
1 0 0 1 1 81 81 
1 1 0 0 0 79 79 
1 1 0 0 0 79 80 
1 1 0 0 0 79 81 
1 1 0 0 0 80 79 
1 1 0 0 0 80 80 
1 1 0 0 0 80 81 
1 1 0 0 0 81 79 
1 1 0 0 0 81 80 
1 1 0 0 0 81 81 
1 1 0 1 1 79 79 
1 1 0 1 1 79 80 
1 1 0 1 1 79 81 
1 1 0 1 1 80 79 
1 1 0 1 1 80 80 
1 1 0 1 1 80 81 
1 1 0 1 1 81 79 
1 1 0 1 1 81 80 
1 1 0 1 1 81 81 

-1 -1 0 1 0 79 79 
-1 -1 0 1 0 79 80 
-1 -1 0 1 0 79 81 
-1 -1 0 1 0 80 79 
-1 -1 0 1 0 80 80 
-1 -1 0 1 0 80 81 
-1 -1 0 1 0 81 79 
-1 -1 0 1 0 81 80 
-1 -1 0 1 0 81 81 
-1 -1 0 0 1 79 79 
-1 -1 0 0 1 79 80 
-1 -1 0 0 1 79 81 
-1 -1 0 0 1 80 79 
-1 -1 0 0 1 80 80 
-1 -1 0 0 1 80 81 
-1 -1 0 0 1 81 79 
-1 -1 0 0 1 81 80 
-1 -1 0 0 1 81 81 
-1 1 0 0 1 79 79 
-1 1 0 0 1 79 80 
-1 1 0 0 1 79 81 
-1 1 0 0 1 80 79 
-1 1 0 0 1 80 80 
-1 1 0 0 1 80 81 
-1 1 0 0 1 81 79 
-1 1 0 0 1 81 80 
-1 1 0 0 1 81 81 
1 -1 0 1 0 79 79 
1 -1 0 1 0 79 80 
1 -1 0 1 0 79 81 
1 -1 0 1 0 80 79 
1 -1 0 1 0 80 80 
1 -1 0 1 0 80 81 
1 -1 0 1 0 81 79 
1 -1 0 1 0 81 80 
1 -1 0 1 0 81 81 
1 1 0 1 0 79 79 
1 1 0 1 0 79 80 
1 1 0 1 0 79 81 
1 1 0 1 0 80 79 
1 1 0 1 0 80 80 
1 1 0 1 0 80 81 
1 1 0 1 0 81 79 
1 1 0 1 0 81 80 
1 1 0 1 0 81 81 
1 1 0 0 1 79 79 
1 1 0 0 1 79 80 
1 1 0 0 1 79 81 
1 1 0 0 1 80 79 
1 1 0 0 1 80 80 
1 1 0 0 1 80 81 
1 1 0 0 1 81 79 
1 1 0 0 1 81 80 
1 1 0 0 1 81 81 

-2 -1 0 0 1 79 79 
-2 -1 0 0 1 79 80 
-2 -1 0 0 1 79 81 
-2 -1 0 0 1 80 79 
-2 -1 0 0 1 80 80 
-2 -1 0 0 1 80 81 
-2 -1 0 0 1 81 79 
-2 -1 0 0 1 81 80 
-2 -1 0 0 1 81 81 
-2 0 0 0 1 79 79 
-2 0 0 0 1 79 80 
-2 0 0 0 1 79 81 
-2 0 0 0 1 80 79 
-2 0 0 0 1 80 80 
-2 0 0 0 1 80 81 
-2 0 0 0 1 81 79 
-2 0 0 0 1 81 80 
-2 0 0 0 1 81 81 
-1 -2 0 1 0 79 79 
-1 -2 0 1 0 79 80 
-1 -2 0 1 0 79 81 
-1 -2 0 1 0 80 79 
-1 -2 0 1 0 80 80 
-1 -2 0 1 0 80 81 
-1 -2 0 1 0 81 79 
-1 -2 0 1 0 81 80 
-1 -2 0 1 0 81 81 
-1 0 0 1 0 79 79 
-1 0 0 1 0 79 80 
-1 0 0 1 0 79 81 
-1 0 0 1 0 80 79 
-1 0 0 1 0 80 80 
-1 0 0 1 0 80 81 
-1 0 0 1 0 81 79 
-1 0 0 1 0 81 80 
-1 0 0 1 0 81 81 
0 -2 0 1 0 79 79 
0 -2 0 1 0 79 80 
0 -2 0 1 0 79 81 
0 -2 0 1 0 80 79 
0 -2 0 1 0 80 80 
0 -2 0 1 0 80 81 
0 -2 0 1 0 81 79 
0 -2 0 1 0 81 80 
0 -2 0 1 0 81 81 
0 -1 0 0 1 79 79 
0 -1 0 0 1 79 80 
0 -1 0 0 1 79 81 
0 -1 0 0 1 80 79 
0 -1 0 0 1 80 80 
0 -1 0 0 1 80 81 
0 -1 0 0 1 81 79 
0 -1 0 0 1 81 80 
0 -1 0 0 1 81 81 
0 1 0 1 0 79 79 
0 1 0 1 0 79 80 
0 1 0 1 0 79 81 
0 1 0 1 0 80 79 
0 1 0 1 0 80 80 
0 1 0 1 0 80 81 
0 1 0 1 0 81 79 
0 1 0 1 0 81 80 
0 1 0 1 0 81 81 
0 2 0 0 1 79 79 
0 2 0 0 1 79 80 
0 2 0 0 1 79 81 
0 2 0 0 1 80 79 
0 2 0 0 1 80 80 
0 2 0 0 1 80 81 
0 2 0 0 1 81 79 
0 2 0 0 1 81 80 
0 2 0 0 1 81 81 
1 0 0 0 1 79 79 
1 0 0 0 1 79 80 
1 0 0 0 1 79 81 
1 0 0 0 1 80 79 
1 0 0 0 1 80 80 
1 0 0 0 1 80 81 
1 0 0 0 1 81 79 
1 0 0 0 1 81 80 
1 0 0 0 1 81 81 
1 2 0 0 1 79 79 
1 2 0 0 1 79 80 
1 2 0 0 1 79 81 
1 2 0 0 1 80 79 
1 2 0 0 1 80 80 
1 2 0 0 1 80 81 
1 2 0 0 1 81 79 
1 2 0 0 1 81 80 
1 2 0 0 1 81 81 
2 0 0 1 0 79 79 
2 0 0 1 0 79 80 
2 0 0 1 0 79 81 
2 0 0 1 0 80 79 
2 0 0 1 0 80 80 
2 0 0 1 0 80 81 
2 0 0 1 0 81 79 
2 0 0 1 0 81 80 
2 0 0 1 0 81 81 
2 1 0 1 0 79 79 
2 1 0 1 0 79 80 
2 1 0 1 0 79 81 
2 1 0 1 0 80 79 
2 1 0 1 0 80 80 
2 1 0 1 0 80 81 
2 1 0 1 0 81 79 
2 1 0 1 0 81 80 
2 1 0 1 0 81 81 

-2 -1 0 0 0 79 79 
-2 -1 0 0 0 79 80 
-2 -1 0 0 0 79 81 
-2 -1 0 0 0 80 79 
-2 -1 0 0 0 80 80 
-2 -1 0 0 0 80 81 
-2 -1 0 0 0 81 79 
-2 -1 0 0 0 81 80 
-2 -1 0 0 0 81 81 
-1 -2 0 1 1 79 79 
-1 -2 0 1 1 79 80 
-1 -2 0 1 1 79 81 
-1 -2 0 1 1 80 79 
-1 -2 0 1 1 80 80 
-1 -2 0 1 1 80 81 
-1 -2 0 1 1 81 79 
-1 -2 0 1 1 81 80 
-1 -2 0 1 1 81 81 
-1 1 0 1 1 79 79 
-1 1 0 1 1 79 80 
-1 1 0 1 1 79 81 
-1 1 0 1 1 80 79 
-1 1 0 1 1 80 80 
-1 1 0 1 1 80 81 
-1 1 0 1 1 81 79 
-1 1 0 1 1 81 80 
-1 1 0 1 1 81 81 
1 -1 0 0 0 79 79 
1 -1 0 0 0 79 80 
1 -1 0 0 0 79 81 
1 -1 0 0 0 80 79 
1 -1 0 0 0 80 80 
1 -1 0 0 0 80 81 
1 -1 0 0 0 81 79 
1 -1 0 0 0 81 80 
1 -1 0 0 0 81 81 
1 2 0 0 0 79 79 
1 2 0 0 0 79 80 
1 2 0 0 0 79 81 
1 2 0 0 0 80 79 
1 2 0 0 0 80 80 
1 2 0 0 0 80 81 
1 2 0 0 0 81 79 
1 2 0 0 0 81 80 
1 2 0 0 0 81 81 
2 1 0 1 1 79 79 
2 1 0 1 1 79 80 
2 1 0 1 1 79 81 
2 1 0 1 1 80 79 
2 1 0 1 1 80 80 
2 1 0 1 1 80 81 
2 1 0 1 1 81 79 
2 1 0 1 1 81 80 
2 1 0 1 1 81 81 
-2 -1 0 1 1 79 79 
-2 -1 0 1 1 79 80 
-2 -1 0 1 1 79 81 
-2 -1 0 1 1 80 79 
-2 -1 0 1 1 80 80 
-2 -1 0 1 1 80 81 
-2 -1 0 1 1 81 79 
-2 -1 0 1 1 81 80 
-2 -1 0 1 1 81 81 
-1 -2 0 0 0 79 79 
-1 -2 0 0 0 79 80 
-1 -2 0 0 0 79 81 
-1 -2 0 0 0 80 79 
-1 -2 0 0 0 80 80 
-1 -2 0 0 0 80 81 
-1 -2 0 0 0 81 79 
-1 -2 0 0 0 81 80 
-1 -2 0 0 0 81 81 
-1 1 0 0 0 79 79 
-1 1 0 0 0 79 80 
-1 1 0 0 0 79 81 
-1 1 0 0 0 80 79 
-1 1 0 0 0 80 80 
-1 1 0 0 0 80 81 
-1 1 0 0 0 81 79 
-1 1 0 0 0 81 80 
-1 1 0 0 0 81 81 
1 -1 0 1 1 79 79 
1 -1 0 1 1 79 80 
1 -1 0 1 1 79 81 
1 -1 0 1 1 80 79 
1 -1 0 1 1 80 80 
1 -1 0 1 1 80 81 
1 -1 0 1 1 81 79 
1 -1 0 1 1 81 80 
1 -1 0 1 1 81 81 
1 2 0 1 1 79 79 
1 2 0 1 1 79 80 
1 2 0 1 1 79 81 
1 2 0 1 1 80 79 
1 2 0 1 1 80 80 
1 2 0 1 1 80 81 
1 2 0 1 1 81 79 
1 2 0 1 1 81 80 
1 2 0 1 1 81 81 
2 1 0 0 0 79 79 
2 1 0 0 0 79 80 
2 1 0 0 0 79 81 
2 1 0 0 0 80 79 
2 1 0 0 0 80 80 
2 1 0 0 0 80 81 
2 1 0 0 0 81 79 
2 1 0 0 0 81 80 
2 1 0 0 0 81 81 

-2 -2 0 0 0 79 79 
-2 -2 0 0 0 79 80 
-2 -2 0 0 0 79 81 
-2 -2 0 0 0 80 79 
-2 -2 0 0 0 80 80 
-2 -2 0 0 0 80 81 
-2 -2 0 0 0 81 79 
-2 -2 0 0 0 81 80 
-2 -2 0 0 0 81 81 
-2 -2 0 1 1 79 79 
-2 -2 0 1 1 79 80 
-2 -2 0 1 1 79 81 
-2 -2 0 1 1 80 79 
-2 -2 0 1 1 80 80 
-2 -2 0 1 1 80 81 
-2 -2 0 1 1 81 79 
-2 -2 0 1 1 81 80 
-2 -2 0 1 1 81 81 
-2 0 0 0 0 79 79 
-2 0 0 0 0 79 80 
-2 0 0 0 0 79 81 
-2 0 0 0 0 80 79 
-2 0 0 0 0 80 80 
-2 0 0 0 0 80 81 
-2 0 0 0 0 81 79 
-2 0 0 0 0 81 80 
-2 0 0 0 0 81 81 
-2 0 0 1 1 79 79 
-2 0 0 1 1 79 80 
-2 0 0 1 1 79 81 
-2 0 0 1 1 80 79 
-2 0 0 1 1 80 80 
-2 0 0 1 1 80 81 
-2 0 0 1 1 81 79 
-2 0 0 1 1 81 80 
-2 0 0 1 1 81 81 
0 -2 0 0 0 79 79 
0 -2 0 0 0 79 80 
0 -2 0 0 0 79 81 
0 -2 0 0 0 80 79 
0 -2 0 0 0 80 80 
0 -2 0 0 0 80 81 
0 -2 0 0 0 81 79 
0 -2 0 0 0 81 80 
0 -2 0 0 0 81 81 
0 -2 0 1 1 79 79 
0 -2 0 1 1 79 80 
0 -2 0 1 1 79 81 
0 -2 0 1 1 80 79 
0 -2 0 1 1 80 80 
0 -2 0 1 1 80 81 
0 -2 0 1 1 81 79 
0 -2 0 1 1 81 80 
0 -2 0 1 1 81 81 
0 2 0 0 0 79 79 
0 2 0 0 0 79 80 
0 2 0 0 0 79 81 
0 2 0 0 0 80 79 
0 2 0 0 0 80 80 
0 2 0 0 0 80 81 
0 2 0 0 0 81 79 
0 2 0 0 0 81 80 
0 2 0 0 0 81 81 
0 2 0 1 1 79 79 
0 2 0 1 1 79 80 
0 2 0 1 1 79 81 
0 2 0 1 1 80 79 
0 2 0 1 1 80 80 
0 2 0 1 1 80 81 
0 2 0 1 1 81 79 
0 2 0 1 1 81 80 
0 2 0 1 1 81 81 
2 0 0 0 0 79 79 
2 0 0 0 0 79 80 
2 0 0 0 0 79 81 
2 0 0 0 0 80 79 
2 0 0 0 0 80 80 
2 0 0 0 0 80 81 
2 0 0 0 0 81 79 
2 0 0 0 0 81 80 
2 0 0 0 0 81 81 
2 0 0 1 1 79 79 
2 0 0 1 1 79 80 
2 0 0 1 1 79 81 
2 0 0 1 1 80 79 
2 0 0 1 1 80 80 
2 0 0 1 1 80 81 
2 0 0 1 1 81 79 
2 0 0 1 1 81 80 
2 0 0 1 1 81 81 
2 2 0 0 0 79 79 
2 2 0 0 0 79 80 
2 2 0 0 0 79 81 
2 2 0 0 0 80 79 
2 2 0 0 0 80 80 
2 2 0 0 0 80 81 
2 2 0 0 0 81 79 
2 2 0 0 0 81 80 
2 2 0 0 0 81 81 
2 2 0 1 1 79 79 
2 2 0 1 1 79 80 
2 2 0 1 1 79 81 
2 2 0 1 1 80 79 
2 2 0 1 1 80 80 
2 2 0 1 1 80 81 
2 2 0 1 1 81 79 
2 2 0 1 1 81 80 
2 2 0 1 1 81 81 

-2 -2 0 1 0 79 79 
-2 -2 0 1 0 79 80 
-2 -2 0 1 0 79 81 
-2 -2 0 1 0 80 79 
-2 -2 0 1 0 80 80 
-2 -2 0 1 0 80 81 
-2 -2 0 1 0 81 79 
-2 -2 0 1 0 81 80 
-2 -2 0 1 0 81 81 
-2 -2 0 0 1 79 79 
-2 -2 0 0 1 79 80 
-2 -2 0 0 1 79 81 
-2 -2 0 0 1 80 79 
-2 -2 0 0 1 80 80 
-2 -2 0 0 1 80 81 
-2 -2 0 0 1 81 79 
-2 -2 0 0 1 81 80 
-2 -2 0 0 1 81 81 
-2 -1 0 1 0 79 79 
-2 -1 0 1 0 79 80 
-2 -1 0 1 0 79 81 
-2 -1 0 1 0 80 79 
-2 -1 0 1 0 80 80 
-2 -1 0 1 0 80 81 
-2 -1 0 1 0 81 79 
-2 -1 0 1 0 81 80 
-2 -1 0 1 0 81 81 
-2 1 0 0 1 79 79 
-2 1 0 0 1 79 80 
-2 1 0 0 1 79 81 
-2 1 0 0 1 80 79 
-2 1 0 0 1 80 80 
-2 1 0 0 1 80 81 
-2 1 0 0 1 81 79 
-2 1 0 0 1 81 80 
-2 1 0 0 1 81 81 
-1 -2 0 0 1 79 79 
-1 -2 0 0 1 79 80 
-1 -2 0 0 1 79 81 
-1 -2 0 0 1 80 79 
-1 -2 0 0 1 80 80 
-1 -2 0 0 1 80 81 
-1 -2 0 0 1 81 79 
-1 -2 0 0 1 81 80 
-1 -2 0 0 1 81 81 
-1 2 0 0 1 79 79 
-1 2 0 0 1 79 80 
-1 2 0 0 1 79 81 
-1 2 0 0 1 80 79 
-1 2 0 0 1 80 80 
-1 2 0 0 1 80 81 
-1 2 0 0 1 81 79 
-1 2 0 0 1 81 80 
-1 2 0 0 1 81 81 
1 -2 0 1 0 79 79 
1 -2 0 1 0 79 80 
1 -2 0 1 0 79 81 
1 -2 0 1 0 80 79 
1 -2 0 1 0 80 80 
1 -2 0 1 0 80 81 
1 -2 0 1 0 81 79 
1 -2 0 1 0 81 80 
1 -2 0 1 0 81 81 
1 2 0 1 0 79 79 
1 2 0 1 0 79 80 
1 2 0 1 0 79 81 
1 2 0 1 0 80 79 
1 2 0 1 0 80 80 
1 2 0 1 0 80 81 
1 2 0 1 0 81 79 
1 2 0 1 0 81 80 
1 2 0 1 0 81 81 
2 -1 0 1 0 79 79 
2 -1 0 1 0 79 80 
2 -1 0 1 0 79 81 
2 -1 0 1 0 80 79 
2 -1 0 1 0 80 80 
2 -1 0 1 0 80 81 
2 -1 0 1 0 81 79 
2 -1 0 1 0 81 80 
2 -1 0 1 0 81 81 
2 1 0 0 1 79 79 
2 1 0 0 1 79 80 
2 1 0 0 1 79 81 
2 1 0 0 1 80 79 
2 1 0 0 1 80 80 
2 1 0 0 1 80 81 
2 1 0 0 1 81 79 
2 1 0 0 1 81 80 
2 1 0 0 1 81 81 
2 2 0 1 0 79 79 
2 2 0 1 0 79 80 
2 2 0 1 0 79 81 
2 2 0 1 0 80 79 
2 2 0 1 0 80 80 
2 2 0 1 0 80 81 
2 2 0 1 0 81 79 
2 2 0 1 0 81 80 
2 2 0 1 0 81 81 
2 2 0 0 1 79 79 
2 2 0 0 1 79 80 
2 2 0 0 1 79 81 
2 2 0 0 1 80 79 
2 2 0 0 1 80 80 
2 2 0 0 1 80 81 
2 2 0 0 1 81 79 
2 2 0 0 1 81 80 
2 2 0 0 1 81 81 

###HoppingRelations###

[ 13 17 ]
[ 0 1 2 3 4 5 6 7 8 9 10 11 12 14 15 16 ]
13 1.000000 



13 1.000000 



17 1.000000 
13 1.000000 







[ 48 49 53 ]
[ 0 1 2 3 4 5 6 7 8 9 10 11 12 13 14 15 16 17 18 19 20 21 22 23 24 25 26 27 28 29 30 31 32 33 34 35 36 37 38 39 40 41 42 43 44 45 46 47 50 51 52 ]
48 -1.154701 49 1.000000 
48 1.000000 

48 1.000000 
49 1.000000 



53 1.000000 
48 -1.154701 49 1.000000 
48 -1.000000 

48 -1.000000 
49 1.000000 



53 1.000000 
48 0.577350 49 1.000000 



48 -1.732051 49 1.000000 



53 1.000000 
48 0.577350 49 1.000000 



48 -1.732051 49 1.000000 



53 1.000000 
48 -1.154701 49 1.000000 
48 -1.000000 

48 -1.000000 
49 1.000000 



53 1.000000 
48 -1.154701 49 1.000000 
48 1.000000 





[ 99 102 103 107 ]
[ 0 1 2 3 4 5 6 7 8 9 10 11 12 13 14 15 16 17 18 19 20 21 22 23 24 25 26 27 28 29 30 31 32 33 34 35 36 37 38 39 40 41 42 43 44 45 46 47 48 49 50 51 52 53 54 55 56 57 58 59 60 61 62 63 64 65 66 67 68 69 70 71 72 73 74 75 76 77 78 79 80 81 82 83 84 85 86 87 88 89 90 91 92 93 94 95 96 97 98 100 101 104 105 106 ]
99 1.000000 
102 -1.000000 

102 1.000000 
103 1.000000 



107 1.000000 
99 1.000000 
102 1.000000 

102 -1.000000 
103 1.000000 



107 1.000000 
99 0.250000 103 0.750000 
99 -0.433013 102 1.000000 103 0.433013 

99 -0.433013 102 -1.000000 103 0.433013 
99 0.750000 103 0.250000 



107 1.000000 
99 0.250000 103 0.750000 
99 -0.433013 102 -1.000000 103 0.433013 

99 -0.433013 102 1.000000 103 0.433013 
99 0.750000 103 0.250000 



107 1.000000 
99 0.250000 103 0.750000 
99 0.433013 102 1.000000 103 -0.433013 

99 0.433013 102 -1.000000 103 -0.433013 
99 0.750000 103 0.250000 



107 1.000000 
99 0.250000 103 0.750000 
99 0.433013 102 -1.000000 103 -0.433013 

99 0.433013 102 1.000000 103 -0.433013 
99 0.750000 103 0.250000 



107 1.000000 
99 0.250000 103 0.750000 
99 0.433013 102 -1.000000 103 -0.433013 

99 0.433013 102 1.000000 103 -0.433013 
99 0.750000 103 0.250000 



107 1.000000 
99 0.250000 103 0.750000 
99 0.433013 102 1.000000 103 -0.433013 

99 0.433013 102 -1.000000 103 -0.433013 
99 0.750000 103 0.250000 



107 1.000000 
99 0.250000 103 0.750000 
99 -0.433013 102 -1.000000 103 0.433013 

99 -0.433013 102 1.000000 103 0.433013 
99 0.750000 103 0.250000 



107 1.000000 
99 0.250000 103 0.750000 
99 -0.433013 102 1.000000 103 0.433013 

99 -0.433013 102 -1.000000 103 0.433013 
99 0.750000 103 0.250000 



107 1.000000 
99 1.000000 
102 1.000000 

102 -1.000000 
103 1.000000 



107 1.000000 
102 -1.000000 





[ 48 49 53 ]
[ 0 1 2 3 4 5 6 7 8 9 10 11 12 13 14 15 16 17 18 19 20 21 22 23 24 25 26 27 28 29 30 31 32 33 34 35 36 37 38 39 40 41 42 43 44 45 46 47 50 51 52 ]
48 -1.154701 49 1.000000 
48 1.000000 

48 1.000000 
49 1.000000 



53 1.000000 
48 -1.154701 49 1.000000 
48 -1.000000 

48 -1.000000 
49 1.000000 



53 1.000000 
48 0.577350 49 1.000000 



48 -1.732051 49 1.000000 



53 1.000000 
48 0.577350 49 1.000000 



48 -1.732051 49 1.000000 



53 1.000000 
48 -1.154701 49 1.000000 
48 -1.000000 

48 -1.000000 
49 1.000000 



53 1.000000 
48 -1.154701 49 1.000000 
48 1.000000 





[ 99 102 103 107 ]
[ 0 1 2 3 4 5 6 7 8 9 10 11 12 13 14 15 16 17 18 19 20 21 22 23 24 25 26 27 28 29 30 31 32 33 34 35 36 37 38 39 40 41 42 43 44 45 46 47 48 49 50 51 52 53 54 55 56 57 58 59 60 61 62 63 64 65 66 67 68 69 70 71 72 73 74 75 76 77 78 79 80 81 82 83 84 85 86 87 88 89 90 91 92 93 94 95 96 97 98 100 101 104 105 106 ]
99 1.000000 
102 1.000000 

102 1.000000 
103 1.000000 



107 1.000000 
99 0.250000 102 -0.866025 103 0.750000 
99 -0.433013 102 0.500000 103 0.433013 

99 -0.433013 102 0.500000 103 0.433013 
99 0.750000 102 0.866025 103 0.250000 



107 1.000000 
99 1.000000 
102 -1.000000 

102 -1.000000 
103 1.000000 



107 1.000000 
99 0.250000 102 0.866025 103 0.750000 
99 -0.433013 102 -0.500000 103 0.433013 

99 -0.433013 102 -0.500000 103 0.433013 
99 0.750000 102 -0.866025 103 0.250000 



107 1.000000 
99 0.250000 102 -0.866025 103 0.750000 
99 0.433013 102 -0.500000 103 -0.433013 

99 0.433013 102 -0.500000 103 -0.433013 
99 0.750000 102 0.866025 103 0.250000 



107 1.000000 
99 0.250000 102 0.866025 103 0.750000 
99 0.433013 102 0.500000 103 -0.433013 

99 0.433013 102 0.500000 103 -0.433013 
99 0.750000 102 -0.866025 103 0.250000 



107 1.000000 
99 0.250000 102 0.866025 103 0.750000 
99 0.433013 102 0.500000 103 -0.433013 

99 0.433013 102 0.500000 103 -0.433013 
99 0.750000 102 -0.866025 103 0.250000 



107 1.000000 
99 0.250000 102 -0.866025 103 0.750000 
99 0.433013 102 -0.500000 103 -0.433013 

99 0.433013 102 -0.500000 103 -0.433013 
99 0.750000 102 0.866025 103 0.250000 



107 1.000000 
99 0.250000 102 0.866025 103 0.750000 
99 -0.433013 102 -0.500000 103 0.433013 

99 -0.433013 102 -0.500000 103 0.433013 
99 0.750000 102 -0.866025 103 0.250000 



107 1.000000 
99 1.000000 
102 -1.000000 

102 -1.000000 
103 1.000000 



107 1.000000 
99 0.250000 102 -0.866025 103 0.750000 
99 -0.433013 102 0.500000 103 0.433013 

99 -0.433013 102 0.500000 103 0.433013 
99 0.750000 102 0.866025 103 0.250000 



107 1.000000 
102 1.000000 





[ 102 103 107 ]
[ 0 1 2 3 4 5 6 7 8 9 10 11 12 13 14 15 16 17 18 19 20 21 22 23 24 25 26 27 28 29 30 31 32 33 34 35 36 37 38 39 40 41 42 43 44 45 46 47 48 49 50 51 52 53 54 55 56 57 58 59 60 61 62 63 64 65 66 67 68 69 70 71 72 73 74 75 76 77 78 79 80 81 82 83 84 85 86 87 88 89 90 91 92 93 94 95 96 97 98 99 100 101 104 105 106 ]
102 -1.154701 103 1.000000 
102 1.000000 

102 1.000000 
103 1.000000 



107 1.000000 
102 -1.154701 103 1.000000 
102 -1.000000 

102 -1.000000 
103 1.000000 



107 1.000000 
102 0.577350 103 1.000000 



102 -1.732051 103 1.000000 



107 1.000000 
102 0.577350 103 1.000000 



102 -1.732051 103 1.000000 



107 1.000000 
102 -1.154701 103 1.000000 
102 -1.000000 

102 -1.000000 
103 1.000000 



107 1.000000 
102 -1.154701 103 1.000000 
102 1.000000 

102 1.000000 
103 1.000000 



107 1.000000 
102 -1.154701 103 1.000000 
102 1.000000 

102 1.000000 
103 1.000000 



107 1.000000 
102 -1.154701 103 1.000000 
102 -1.000000 

102 -1.000000 
103 1.000000 



107 1.000000 
102 0.577350 103 1.000000 



102 -1.732051 103 1.000000 



107 1.000000 
102 0.577350 103 1.000000 



102 -1.732051 103 1.000000 



107 1.000000 
102 -1.154701 103 1.000000 
102 -1.000000 

102 -1.000000 
103 1.000000 



107 1.000000 
102 -1.154701 103 1.000000 
102 1.000000 





[ 99 102 103 107 ]
[ 0 1 2 3 4 5 6 7 8 9 10 11 12 13 14 15 16 17 18 19 20 21 22 23 24 25 26 27 28 29 30 31 32 33 34 35 36 37 38 39 40 41 42 43 44 45 46 47 48 49 50 51 52 53 54 55 56 57 58 59 60 61 62 63 64 65 66 67 68 69 70 71 72 73 74 75 76 77 78 79 80 81 82 83 84 85 86 87 88 89 90 91 92 93 94 95 96 97 98 100 101 104 105 106 ]
99 1.000000 
102 -1.000000 

102 1.000000 
103 1.000000 



107 1.000000 
99 1.000000 
102 1.000000 

102 -1.000000 
103 1.000000 



107 1.000000 
99 0.250000 103 0.750000 
99 -0.433013 102 1.000000 103 0.433013 

99 -0.433013 102 -1.000000 103 0.433013 
99 0.750000 103 0.250000 



107 1.000000 
99 0.250000 103 0.750000 
99 -0.433013 102 -1.000000 103 0.433013 

99 -0.433013 102 1.000000 103 0.433013 
99 0.750000 103 0.250000 



107 1.000000 
99 0.250000 103 0.750000 
99 0.433013 102 1.000000 103 -0.433013 

99 0.433013 102 -1.000000 103 -0.433013 
99 0.750000 103 0.250000 



107 1.000000 
99 0.250000 103 0.750000 
99 0.433013 102 -1.000000 103 -0.433013 

99 0.433013 102 1.000000 103 -0.433013 
99 0.750000 103 0.250000 



107 1.000000 
99 0.250000 103 0.750000 
99 0.433013 102 -1.000000 103 -0.433013 

99 0.433013 102 1.000000 103 -0.433013 
99 0.750000 103 0.250000 



107 1.000000 
99 0.250000 103 0.750000 
99 0.433013 102 1.000000 103 -0.433013 

99 0.433013 102 -1.000000 103 -0.433013 
99 0.750000 103 0.250000 



107 1.000000 
99 0.250000 103 0.750000 
99 -0.433013 102 -1.000000 103 0.433013 

99 -0.433013 102 1.000000 103 0.433013 
99 0.750000 103 0.250000 



107 1.000000 
99 0.250000 103 0.750000 
99 -0.433013 102 1.000000 103 0.433013 

99 -0.433013 102 -1.000000 103 0.433013 
99 0.750000 103 0.250000 



107 1.000000 
99 1.000000 
102 1.000000 

102 -1.000000 
103 1.000000 



107 1.000000 
102 -1.000000 





[ 99 102 103 107 ]
[ 0 1 2 3 4 5 6 7 8 9 10 11 12 13 14 15 16 17 18 19 20 21 22 23 24 25 26 27 28 29 30 31 32 33 34 35 36 37 38 39 40 41 42 43 44 45 46 47 48 49 50 51 52 53 54 55 56 57 58 59 60 61 62 63 64 65 66 67 68 69 70 71 72 73 74 75 76 77 78 79 80 81 82 83 84 85 86 87 88 89 90 91 92 93 94 95 96 97 98 100 101 104 105 106 ]
99 1.000000 
102 1.000000 

102 1.000000 
103 1.000000 



107 1.000000 
99 1.000000 
102 -1.000000 

102 -1.000000 
103 1.000000 



107 1.000000 
99 0.250000 102 -0.866025 103 0.750000 
99 -0.433013 102 0.500000 103 0.433013 

99 -0.433013 102 0.500000 103 0.433013 
99 0.750000 102 0.866025 103 0.250000 



107 1.000000 
99 0.250000 102 0.866025 103 0.750000 
99 -0.433013 102 -0.500000 103 0.433013 

99 -0.433013 102 -0.500000 103 0.433013 
99 0.750000 102 -0.866025 103 0.250000 



107 1.000000 
99 0.250000 102 -0.866025 103 0.750000 
99 0.433013 102 -0.500000 103 -0.433013 

99 0.433013 102 -0.500000 103 -0.433013 
99 0.750000 102 0.866025 103 0.250000 



107 1.000000 
99 0.250000 102 0.866025 103 0.750000 
99 0.433013 102 0.500000 103 -0.433013 

99 0.433013 102 0.500000 103 -0.433013 
99 0.750000 102 -0.866025 103 0.250000 



107 1.000000 
99 0.250000 102 0.866025 103 0.750000 
99 0.433013 102 0.500000 103 -0.433013 

99 0.433013 102 0.500000 103 -0.433013 
99 0.750000 102 -0.866025 103 0.250000 



107 1.000000 
99 0.250000 102 -0.866025 103 0.750000 
99 0.433013 102 -0.500000 103 -0.433013 

99 0.433013 102 -0.500000 103 -0.433013 
99 0.750000 102 0.866025 103 0.250000 



107 1.000000 
99 0.250000 102 0.866025 103 0.750000 
99 -0.433013 102 -0.500000 103 0.433013 

99 -0.433013 102 -0.500000 103 0.433013 
99 0.750000 102 -0.866025 103 0.250000 



107 1.000000 
99 0.250000 102 -0.866025 103 0.750000 
99 -0.433013 102 0.500000 103 0.433013 

99 -0.433013 102 0.500000 103 0.433013 
99 0.750000 102 0.866025 103 0.250000 



107 1.000000 
99 1.000000 
102 -1.000000 

102 -1.000000 
103 1.000000 



107 1.000000 
102 1.000000 





